1366433962.36 -3 start 149 521 0.0
1366433965.27 0 begin 158 518 5.829987
1366433965.34 0 move 164 521 5.869995
1366433965.36 0 move 166 521 5.869995
1366433965.37 0 move 167 521 5.919998
1366433965.39 0 move 168 521 5.939987
1366433965.41 0 move 169 520 6.000000
1366433965.42 0 move 171 519 6.079987
1366433965.44 0 move 172 519 6.049988
1366433965.45 0 move 173 518 6.049988
1366433965.47 0 move 174 518 6.159988
1366433965.55 0 move 173 520 6.889999
1366433965.57 0 move 172 521 7.069992
1366433965.58 0 move 171 523 7.259995
1366433965.60 0 move 170 523 7.429993
1366433965.61 0 move 168 524 7.500000
1366433965.63 0 move 168 526 7.689987
1366433965.65 0 move 167 527 7.819992
1366433965.66 0 move 165 528 8.079987
1366433965.68 0 move 164 529 8.259995
1366433965.69 0 move 163 531 8.459991
1366433965.71 0 move 163 532 8.589996
1366433965.73 0 move 163 533 8.689987
1366433965.74 0 move 162 533 8.699997
1366433965.77 0 move 161 533 8.779999
1366433965.81 0 move 161 534 8.829987
1366433965.82 0 move 160 535 8.979996
1366433965.89 0 move 159 536 9.219986
1366433965.92 0 move 159 537 9.359985
1366433965.93 0 move 158 537 9.489990
1366433966.00 0 move 158 538 9.559998
1366433966.19 0 move 158 539 9.849991
1366433966.43 0 move 157 539 9.919998
1366433966.53 0 move 157 540 9.989990
1366433966.62 0 move 157 541 10.129990
1366433967.52 0 move 156 541 10.149994
1366433967.84 0 move 156 540 9.679993
1366433967.89 0 move 156 539 9.539993
1366433968.76 0 move 156 538 9.329987
1366433968.78 0 move 157 537 9.189987
1366433968.80 0 move 158 533 8.309998
1366433968.81 0 move 159 530 7.489990
1366433968.83 0 move 159 529 7.289993
1366433968.84 0 end 160 528 0.000000
1366433969.52 0 begin 152 556 5.489990
1366433969.52 -3 hit 152 556 0.0
1366433971.52 -3 end 160 528 0.0
1366433972.17 0 end 159 551 0.000000
1366433972.70 -3 start 831 159 0.0
1366433974.51 0 begin 859 142 6.059998
1366433974.76 1 begin 764 431 6.289993
1366433974.76 0 move 853 152 6.809998
1366433974.78 1 move 763 431 6.329987
1366433974.78 0 move 853 153 6.889999
1366433974.79 1 move 763 433 6.329987
1366433974.79 0 move 853 154 7.019989
1366433974.81 1 move 763 435 6.399994
1366433974.81 0 move 853 157 7.199997
1366433974.83 1 move 762 437 6.439987
1366433974.83 0 move 853 159 7.509995
1366433974.84 1 move 762 439 6.459991
1366433974.84 0 move 853 161 7.599991
1366433974.86 1 move 762 441 6.539993
1366433974.86 0 move 853 164 7.829987
1366433974.87 1 move 762 443 6.459991
1366433974.87 0 move 853 165 7.949997
1366433974.89 1 move 762 445 6.409988
1366433974.89 0 move 852 167 8.039993
1366433974.91 1 move 762 446 6.429993
1366433974.91 0 move 852 168 8.209991
1366433974.92 1 move 762 448 6.409988
1366433974.92 0 move 852 170 8.389999
1366433974.94 1 move 761 450 6.559998
1366433974.94 0 move 851 171 8.529999
1366433974.95 1 move 761 452 6.569992
1366433974.95 0 move 851 172 8.649994
1366433974.97 1 move 761 454 6.579987
1366433974.99 1 move 760 455 6.619995
1366433974.99 0 move 851 173 8.909988
1366433975.00 1 move 760 458 6.719986
1366433975.03 1 move 759 459 6.669998
1366433975.05 1 move 759 460 6.819992
1366433975.05 0 move 851 174 9.159988
1366433975.07 1 move 759 461 6.689987
1366433975.10 1 move 759 462 6.689987
1366433975.11 1 move 759 464 6.689987
1366433975.11 0 move 851 175 9.379990
1366433975.13 1 move 759 465 6.599991
1366433975.15 1 move 759 466 6.539993
1366433975.15 0 move 851 176 9.369995
1366433975.16 1 move 759 468 6.529999
1366433975.16 0 move 851 177 9.379990
1366433975.18 1 move 759 469 6.559998
1366433975.18 0 move 851 178 9.449997
1366433975.19 1 move 759 470 6.669998
1366433975.21 1 move 759 471 6.589996
1366433975.21 0 move 851 179 9.349991
1366433975.22 1 move 759 473 6.449997
1366433975.23 0 move 851 180 9.409988
1366433975.24 1 move 759 474 6.289993
1366433975.24 0 move 851 181 9.409988
1366433975.26 1 move 759 475 6.250000
1366433975.26 0 move 851 182 9.399994
1366433975.27 1 move 760 478 6.189987
1366433975.27 0 move 851 183 9.349991
1366433975.29 1 move 761 479 6.199997
1366433975.31 1 move 762 480 6.279999
1366433975.31 0 move 851 184 9.250000
1366433975.32 0 move 852 186 9.219986
1366433975.32 1 end 762 480 6.250000
1366433975.34 0 move 852 187 9.189987
1366433975.35 0 move 853 188 9.129990
1366433975.37 0 move 853 189 9.229996
1366433975.38 0 move 853 190 9.299988
1366433975.40 0 move 853 191 9.109985
1366433975.42 0 move 854 193 9.099991
1366433975.45 0 move 854 194 9.259995
1366433975.46 0 move 855 194 9.169998
1366433975.48 0 move 855 196 9.149994
1366433975.50 0 move 855 197 9.199997
1366433975.51 0 move 855 198 9.329987
1366433975.53 0 move 855 199 9.500000
1366433975.54 0 move 855 200 9.509995
1366433975.58 0 move 856 201 9.539993
1366433975.61 0 move 856 202 9.429993
1366433975.64 0 move 856 203 9.419998
1366433975.78 0 move 856 202 8.699997
1366433975.80 0 move 856 200 8.509995
1366433975.82 0 move 856 198 8.409988
1366433975.83 0 move 856 197 8.139999
1366433975.85 0 move 856 194 7.949997
1366433975.86 0 move 856 192 7.689987
1366433975.88 0 move 856 189 7.369995
1366433975.90 0 move 857 186 7.059998
1366433975.91 0 move 857 183 6.750000
1366433975.93 0 end 865 174 6.699997
1366433976.63 0 begin 839 182 5.709991
1366433976.63 -3 hit 839 182 0.0
1366433977.06 0 move 841 184 6.569992
1366433977.08 0 move 842 184 6.589996
1366433977.10 0 move 843 184 6.609985
1366433977.16 0 move 843 185 6.569992
1366433977.18 0 move 843 186 6.539993
1366433977.21 0 move 843 187 6.619995
1366433977.24 0 move 843 188 6.619995
1366433977.26 0 move 844 188 6.629990
1366433977.29 0 move 844 189 6.659988
1366433977.35 0 move 844 190 6.759995
1366433977.37 0 move 845 190 6.739990
1366433977.46 0 move 845 191 6.759995
1366433977.59 0 move 846 192 6.809998
1366433977.77 0 move 846 193 6.869995
1366433977.98 0 move 847 193 6.859985
1366433978.47 0 move 847 194 7.109985
1366433978.63 -3 end 847 194 0.0
1366433979.21 0 move 848 194 6.619995
1366433979.22 0 end 854 197 6.299988
1366433979.82 -3 start 831 521 0.0
1366433981.65 0 begin 857 531 5.699997
1366433981.65 -3 hit 857 531 0.0
1366433981.93 0 move 858 535 6.589996
1366433981.94 0 move 858 536 6.619995
1366433981.99 0 move 858 537 6.639999
1366433982.02 0 move 858 538 6.709991
1366433982.77 0 move 858 539 6.919998
1366433983.66 -3 end 858 539 0.0
1366433984.04 0 end 858 545 6.419998
1366433984.69 -3 start 490 159 0.0
1366433986.57 0 begin 506 179 5.949997
1366433986.57 -3 hit 506 179 0.0
1366433986.65 0 end 513 178 5.849991
1366433986.80 0 begin 511 196 5.619995
1366433986.80 -3 hit 511 196 0.0
1366433987.37 0 move 511 201 7.009995
1366433987.42 0 move 511 200 7.159988
1366433988.19 0 move 512 200 7.169998
1366433988.44 0 move 512 199 7.159988
1366433988.80 -3 end 512 199 0.0
1366433989.15 0 move 512 198 6.849991
1366433989.18 0 move 514 198 6.619995
1366433989.20 0 move 520 199 6.469986
1366433989.21 0 end 528 204 6.250000
1366433989.82 -3 start 149 521 0.0
1366433991.52 0 begin 179 548 6.179993
1366433991.52 -3 hit 179 548 0.0
1366433992.02 0 move 182 547 6.829987
1366433992.84 0 move 183 547 7.119995
1366433993.40 0 move 184 547 7.049988
1366433993.52 -3 end 184 547 0.0
1366433993.64 0 move 185 547 7.029999
1366433993.90 0 move 186 547 6.699997
1366433993.91 0 move 192 544 6.599991
1366433993.93 0 move 197 543 6.389999
1366433993.94 0 end 199 543 0.000000
1366433994.56 -3 start 490 521 0.0
1366433996.80 0 begin 499 556 5.319992
1366433996.80 -3 hit 499 556 0.0
1366433998.81 -3 end 199 543 0.0
1366433999.17 0 end 498 556 0.000000
1366433999.83 -3 start 149 159 0.0
1366434002.55 0 begin 158 188 6.079987
1366434002.55 -3 hit 158 188 0.0
1366434002.92 0 move 158 185 6.959991
1366434003.01 0 move 159 185 7.059998
1366434003.03 0 move 159 186 7.069992
1366434003.09 0 move 160 186 7.179993
1366434003.11 0 move 160 187 7.239990
1366434003.13 0 move 161 187 7.269989
1366434003.17 1 begin 234 419 6.339996
1366434003.22 0 move 161 188 7.399994
1366434003.22 1 move 236 420 6.459991
1366434003.24 0 move 162 188 7.469986
1366434003.24 1 move 235 421 6.439987
1366434003.30 1 move 236 422 6.269989
1366434003.40 0 move 163 188 7.449997
1366434003.40 1 move 237 423 6.159988
1366434003.43 0 move 163 189 7.479996
1366434003.46 1 end 237 423 6.069992
1366434003.51 0 move 163 190 7.369995
1366434003.57 0 move 164 191 7.369995
1366434003.64 0 move 165 191 7.339996
1366434003.72 0 move 165 192 7.359985
1366434003.73 0 move 166 192 7.389999
1366434003.84 0 move 167 192 7.379990
1366434003.96 0 move 168 192 7.379990
1366434004.15 0 move 169 192 7.149994
1366434004.20 0 move 169 191 7.169998
1366434004.21 0 move 170 191 7.149994
1366434004.23 0 move 170 190 7.129990
1366434004.26 0 move 170 189 7.149994
1366434004.28 0 move 171 189 7.089996
1366434004.31 0 move 171 188 7.049988
1366434004.34 0 move 173 187 6.759995
1366434004.36 0 move 177 183 6.629990
1366434004.37 0 move 178 180 6.439987
1366434004.39 0 move 181 178 6.439987
1366434004.40 0 end 183 175 6.159988
1366434005.01 0 begin 173 193 5.869995
1366434005.01 -3 hit 173 193 0.0
1366434006.26 0 move 173 194 7.109985
1366434007.01 -3 end 173 194 0.0
1366434007.55 0 move 175 194 6.829987
1366434007.57 0 move 180 194 6.599991
1366434007.59 0 end 192 198 6.299988
1366434008.20 -3 start 831 159 0.0
1366434011.25 0 begin 848 182 6.289993
1366434011.25 -3 hit 848 182 0.0
1366434011.76 0 move 847 186 6.569992
1366434013.25 -3 end 847 186 0.0
1366434013.49 0 move 847 187 7.029999
1366434013.66 0 move 848 188 6.489990
1366434013.68 0 end 848 189 0.000000
1366434014.28 -3 start 149 159 0.0
1366434018.68 0 begin 181 174 5.799988
1366434018.68 -3 hit 181 174 0.0
1366434019.81 0 move 181 177 6.599991
1366434020.68 -3 end 181 177 0.0
1366434021.19 0 move 182 177 6.579987
1366434021.21 0 move 185 177 6.529999
1366434021.22 0 end 187 178 0.000000
1366434021.86 -3 start 490 521 0.0
1366434023.32 0 begin 500 538 5.969986
1366434023.32 -3 hit 500 538 0.0
1366434024.02 0 move 505 538 6.799988
1366434024.12 0 move 506 538 6.849991
1366434024.18 0 move 507 538 6.959991
1366434024.52 0 move 508 538 6.829987
1366434024.84 0 move 508 539 6.889999
1366434024.92 0 move 508 540 6.879990
1366434024.98 0 move 509 541 6.959991
1366434025.03 0 move 509 542 6.939987
1366434025.05 0 move 510 542 6.989990
1366434025.06 0 move 511 543 7.039993
1366434025.11 0 move 512 544 7.059998
1366434025.13 0 move 512 545 7.159988
1366434025.16 0 move 513 546 7.289993
1366434025.17 0 move 513 547 7.359985
1366434025.19 0 move 513 548 7.389999
1366434025.22 0 move 514 548 7.500000
1366434025.24 0 move 514 549 7.539993
1366434025.25 0 move 515 550 7.629990
1366434025.27 0 move 515 551 7.619995
1366434025.30 0 move 515 552 7.619995
1366434025.32 -3 end 515 552 0.0
1366434025.37 0 move 516 552 7.759995
1366434025.43 0 move 516 553 7.819992
1366434025.69 0 move 516 552 7.119995
1366434025.72 0 move 521 556 6.759995
1366434025.73 0 end 523 557 0.000000
1366434026.35 -3 start 831 521 0.0
1366434028.80 0 begin 834 548 5.789993
1366434028.80 -3 hit 834 548 0.0
1366434029.26 0 move 835 543 6.549988
1366434029.32 0 move 836 543 6.579987
1366434029.37 0 move 837 544 6.750000
1366434029.39 0 move 838 544 6.750000
1366434029.42 0 move 839 545 6.729996
1366434029.45 0 move 839 546 6.819992
1366434029.47 0 move 840 546 6.769989
1366434029.48 0 move 841 547 6.799988
1366434029.50 0 move 842 548 6.899994
1366434029.52 0 move 843 548 6.839996
1366434029.55 0 move 844 548 6.919998
1366434029.56 0 move 844 549 6.929993
1366434029.58 0 move 845 549 6.909988
1366434029.63 0 move 845 550 6.849991
1366434029.64 0 move 846 550 6.869995
1366434029.77 0 move 847 550 6.969986
1366434030.01 0 move 847 551 7.099991
1366434030.51 0 move 847 552 7.129990
1366434030.80 -3 end 847 552 0.0
1366434031.08 0 move 847 553 7.099991
1366434031.20 0 move 846 552 6.739990
1366434031.21 0 move 845 551 6.639999
1366434031.23 0 end 847 551 6.319992
1366434031.83 -3 start 149 159 0.0
1366434034.39 0 begin 186 186 5.839996
1366434034.39 -3 hit 186 186 0.0
1366434035.90 0 move 183 186 7.169998
1366434036.39 -3 end 183 186 0.0
1366434036.72 0 move 184 186 6.869995
1366434036.73 0 move 191 186 6.679993
1366434036.75 0 end 192 188 0.000000
1366434037.42 -3 start 490 159 0.0
1366434040.45 0 begin 499 183 6.069992
1366434040.45 -3 hit 499 183 0.0
1366434041.14 0 move 500 183 6.779999
1366434041.18 0 move 501 183 6.769989
1366434041.34 0 move 502 184 6.839996
1366434041.47 0 move 502 185 6.989990
1366434041.52 0 move 503 185 7.059998
1366434041.76 0 move 503 186 7.139999
1366434041.89 0 move 504 186 7.209991
1366434042.02 0 move 504 187 7.199997
1366434042.06 0 move 505 187 7.229996
1366434042.11 0 move 505 188 7.259995
1366434042.19 0 move 506 188 7.269989
1366434042.24 0 move 506 189 7.309998
1366434042.27 0 move 507 189 7.289993
1366434042.32 0 move 507 190 7.389999
1366434042.34 0 move 508 190 7.389999
1366434042.45 -3 end 508 190 0.0
1366434042.58 0 move 508 191 7.359985
1366434042.82 0 move 509 191 6.929993
1366434042.83 0 move 513 193 6.849991
1366434042.85 0 move 520 194 6.659988
1366434042.86 0 end 522 196 0.000000
1366434043.48 -3 start 149 521 0.0
1366434045.15 0 begin 186 538 6.159988
1366434045.15 -3 hit 186 538 0.0
1366434045.26 0 end 183 537 6.069992
1366434045.32 0 begin 182 538 6.019989
1366434045.32 -3 hit 182 538 0.0
1366434046.47 0 move 182 542 7.169998
1366434047.33 -3 end 182 542 0.0
1366434047.66 0 move 183 542 6.739990
1366434047.67 0 move 192 539 6.669998
1366434047.69 0 end 193 538 0.000000
1366434048.36 -3 start 831 521 0.0
1366434051.86 0 begin 856 548 5.819992
1366434051.86 -3 hit 856 548 0.0
1366434053.87 -3 end 193 538 0.0
1366434054.41 0 end 862 553 6.379990
1366434055.05 -3 start 831 159 0.0
1366434062.40 0 begin 846 189 6.059998
1366434062.40 -3 hit 846 189 0.0
1366434063.55 0 move 848 191 6.789993
1366434064.03 0 move 848 192 6.909988
1366434064.22 0 move 848 193 6.789993
1366434064.40 -3 end 848 193 0.0
1366434064.97 0 move 849 193 6.659988
1366434064.99 0 end 853 200 6.419998
1366434065.58 -3 start 490 159 0.0
1366434068.80 0 begin 550 395 6.539993
1366434068.82 1 begin 517 196 5.399994
1366434068.82 -3 hit 517 196 0.0
1366434068.82 0 move 549 394 6.399994
1366434068.92 1 move 517 197 5.789993
1366434068.92 0 move 553 389 6.319992
1366434068.93 1 move 517 198 5.949997
1366434068.93 0 move 554 388 6.399994
1366434068.95 0 end 554 388 6.159988
1366434069.32 1 move 519 198 6.879990
1366434069.33 1 move 520 198 6.839996
1366434069.84 1 move 520 197 6.779999
1366434069.97 1 move 520 196 6.219986
1366434069.99 1 end 519 193 5.959991
1366434070.68 0 begin 517 186 5.779999
1366434070.68 -3 hit 517 186 0.0
1366434071.39 0 move 516 188 6.879990
1366434072.68 -3 end 516 188 0.0
1366434073.23 0 move 517 188 6.759995
1366434073.25 0 move 521 188 6.659988
1366434073.27 0 move 527 188 6.389999
1366434073.30 0 end 528 187 0.000000
1366434073.86 -3 start 490 521 0.0
1366434076.59 0 begin 508 540 6.339996
1366434076.59 -3 hit 508 540 0.0
1366434078.17 0 move 510 542 6.659988
1366434078.59 -3 end 510 542 0.0
1366434078.96 0 move 511 542 6.459991
1366434078.97 0 move 513 542 6.379990
1366434078.99 0 move 518 542 6.419998
1366434079.00 0 end 520 541 0.000000
1366434079.62 -3 start 149 521 0.0
1366434084.41 0 begin 180 535 5.759995
1366434084.41 -3 hit 180 535 0.0
1366434086.41 -3 end 520 541 0.0